M103
readbit:
05 30 35 46 46 42 52 30 4D 30 31 30 33 30 31 32 37 	
02 30 35 46 46 31 03 32 35 	
readword:
05 30 35 46 46 57 52 30 4D 30 31 30 33 30 31 33 43 	
02 30 35 46 46 31 03 32 35 	
writebit(1):
05 30 35 46 46 42 57 30 4D 30 31 30 33 30 31 31 35 44 	
06 30 35 46 46
writeword(1):
05 30 35 46 46 57 57 30 4D 30 31 30 33 30 31 30 30 30 31 30 32
06 30 35 46 46 	
writebit(0):
05 30 35 46 46 42 57 30 4D 30 31 30 33 30 31 30 35 43 	
06 30 35 46 46 	
writeword(0):
05 30 35 46 46 57 57 30 4D 30 31 30 33 30 31 30 30 30 30 30 31 	
06 30 35 46 46 	
readbit(M103,4):
05 30 35 46 46 42 52 30 4D 30 31 30 33 30 34 32 41 	
02 30 35 46 46 30 30 30 30 03 42 34 	
readword(M103,4):
05 30 35 46 46 57 52 30 4D 30 31 30 33 30 34 33 46 	
02 30 35 46 46 30 30 30 30 30 30 30 30 30 30 30 30 30 30 30 30 03 46 34 	

readword(D232,1):
05 30 35 46 46 57 52 30 44 30 32 33 32 30 31 33 36 	
02 30 35 46 46 30 30 30 35 03 42 39 	
readword(D232,2):
05 30 35 46 46 57 52 30 44 30 32 33 32 30 32 33 37 	
02 30 35 46 46 30 30 30 35 30 30 30 35 03 37 45 	
writeword(D232,7):
05 30 35 46 46 57 57 30 44 30 32 33 32 30 31 30 30 30 37 30 32 	
06 30 35 46 46 	
writeword(D232,8,9):
05 30 35 46 46 57 57 30 44 30 32 33 32 30 32 30 30 30 38 30 30 30 39 43 44 	
06 30 35 46 46 	

readword(D230,4):
05 30 35 46 46 57 52 30 44 30 32 33 30 30 34 33 37 	
02 30 35 46 46 30 30 30 30 30 30 30 30 30 30 30 38 30 30 30 39 03 30 35 	
writeword(D230,1,2,6,7):
05 30 35 46 46 57 57 30 44 30 32 33 30 30 34 30 30 30 31 30 30 30 32 30 30 30 36 30 30 30 37 34 43 	
06 30 35 46 46 	

readbit(X2,4):
05 30 35 46 46 42 52 30 58 30 30 30 32 30 34 33 33 	
02 30 35 46 46 30 30 30 30 03 42 34 	

readbit(Y1,7):
05 30 35 46 46 42 52 30 59 30 30 30 31 30 37 33 36 	
02 30 35 46 46 30 30 30 30 30 30 30 03 34 34 	
